reinhold@Eddimed-lnx01:~/Daten/OPEN/OPENonOH_Data/csv$ wc *.csv
   264214    264214  14605495 00749582_69754_entries__to_2018-06-07.csv
    68768     68768   3743264 00749582_999974_entries__to_2019-02-15.csv
        1         1         3 00752599_23644797_entries_2017-01-01_to_2020-10-26.csv
    19239     19239    967790 00977838_23987999_entries_2020-09-01_to_2020-11-08.csv
    19239     19239    967790 00977838_23989488_entries_2020-09-01_to_2020-11-08.csv
    72805     72805   3683553 01104400_23153964_entries__to_2020-10-15.csv
   201443    201443  10695539 02773391_23772108_entries__to_2020-10-30.csv
        1         1         3 02843395_11657620_entries__to_2019-12-25.csv
        1         1         3 02843395_24411147_entries__to_2020-11-28.csv
   113623    113623   5786642 03468378_21850275_entries_2019-08-18_to_2020-09-20.csv
    75330     75330   4030733 05115045_21853461_entries__to_2020-09-20.csv
   147835    147835   7727853 06033890_23619658_entries__to_2020-10-25.csv
        1         1         3 06601878_22004858_entries_2020-06-01_to_2020-09-25.csv
   110559    110559   5598162 08352625_21887998_entries__to_2020-09-21.csv
     4123      4123    204025 08814820_16497270_entries_2020-03-23_to_2020-04-07.csv
        1         1         3 08983459_23787038_entries__to_2020-10-31.csv
        1         1         3 08983459_23787059_entries__to_2020-10-31.csv
    17080     17080    855695 09612394_16326276_entries_2020-02-01_to_2020-04-03.csv
    35703     35703   1949745 09922617_1230813_entries__to_2019-03-19.csv
    51596     51596   2614189 09922617_21907948_entries__to_2020-09-22.csv
    28326     28326   1543352 09922617_4107579_entries_2019-03-19_to_2019-06-26.csv
    13955     13955    753611 09922617_7007665_entries_2019-06-26_to_2019-08-14.csv
    30518     30518   1540173 10284147_23563672_entries__to_2020-10-23.csv
    14383     14383    775440 12826270_114520_entries__to_2018-09-12.csv
    19183     19183   1037992 13570824_2410120_entries__to_2019-05-19.csv
    45462     45462   2296955 13577203_23660994_entries__to_2020-10-27.csv
   169476    169476   8840030 13788197_23089185_entries__to_2020-10-14.csv
   169476    169476   8840030 13788197_23089212_entries__to_2020-10-14.csv
        1         1         3 13914709_23796813_entries_2020-09-01_to_2020-10-31.csv
        1         1         3 13914709_23796834_entries__to_2020-10-31.csv
      557       557     29277 14844648_481398_entries_2018-11-20_to_2018-11-22.csv
    97145     97145   5316775 14844648_481457_entries__to_2018-11-22.csv
    40990     40990   2065291 16184009_21761038_entries__to_2020-09-16.csv
   260489    260489  13926728 18927745_21861087_entries_2018-03-06_to_2020-09-20.csv
   266174    266174  14220817 18927745_22843890_entries__to_2020-10-10.csv
    54622     70329   2959179 20104403_11270_entries.csv
    36180     36180   1952395 20104403_21801177_entries__to_2020-09-18.csv
   125784    126389   6898293 20104403_605730_entries_2017-02-01_to_2018-12-18.csv
        1         1         3 21218454_21775145_entries__to_2020-09-17.csv
   205067    205067  11428708 21316466_3759030_entries__to_2019-06-21.csv
     2251      2251    110080 22224188_22740025_entries__to_2020-10-08.csv
    17099     17099    925338 24362158_10703166_entries_2019-03-17_to_2019-12-11.csv
    68139     68139   3722243 24362158_1234502_entries_2018-07-25_to_2019-03-20.csv
     2254      2254    120060 24362158_92395_entries_2018-07-17_to_2018-07-25.csv
    19741     19741    989850 25127006_23500603_entries__to_2020-10-21.csv
    23902     23902   1298291 25127006_8491703_entries__to_2019-09-21.csv
    23902     23902   1298291 25127006_8491753_entries__to_2019-09-20.csv
     7719      7719    381972 26481229_23798754_entries_2020-10-04_to_2020-10-31.csv
    53939     53939   2731572 26745937_22256443_entries_2019-11-01_to_2020-09-30.csv
   214406    214406  11379209 27236693_23671244_entries__to_2020-10-27.csv
        1         1         3 34208593_11278_entries.csv
    34110     34110   1856533 34208593_1233622_entries__to_2019-03-20.csv
     1806      1806     95253 34208593_219682_entries__to_2018-10-02.csv
    26249     26249   1319818 37159654_21746501_entries_2020-01-01_to_2020-09-15.csv
    94652     94652   4802426 38625719_24164708_entries__to_2020-11-20.csv
    86861     86861   4397985 39260075_23558402_entries__to_2020-10-23.csv
    90579     90579   4586550 39260075_23935398_entries__to_2020-11-05.csv
        1         1         3 39910877_20815_entries__to_2017-10-13.csv
    67226     67226   3405588 40974871_21785455_entries__to_2020-09-17.csv
        1         1         3 44564831_110733_entries_2018-08-31_to_2018-09-01.csv
     3708      3708    198694 44564831_110745_entries_2018-08-01_to_2018-08-30.csv
        1         1         3 44564831_110749_entries_2018-07-01_to_2018-07-31.csv
    58842     58842   3214463 44564831_110759_entries__to_2018-06-30.csv
   109665    109665   5904362 44801840_21764060_entries__to_2020-09-16.csv
    58798     58798   3198662 45407256_21451918_entries__to_2020-09-02.csv
        1         1         3 45407256_8586228_entries_2019-09-01_to_2019-09-25.csv
        1         1         3 46616418_50076_entries_2018-05-10_to_2018-05-10.csv
        1         1         3 46968717_21779950_entries_2020-04-01_to_2020-09-17.csv
        1         1         3 47625267_21912298_entries__to_2020-09-22.csv
        1         1         3 48546317_24016038_entries__to_2020-11-10.csv
        1         1         3 48968878_21749093_entries_2020-01-01_to_2020-09-15.csv
    54510     54510   2754679 50641121_21908208_entries_2019-08-06_to_2020-09-22.csv
     8360      8360    448321 50641121_40408_entries__to_2018-04-26.csv
    53584     53584   2922428 50641121_567447_entries__to_2018-12-11.csv
     6791      6791    363919 50641121_58021_entries_2018-04-27_to_2018-05-21.csv
   110917    110917   6050051 50641121_6483838_entries_2018-06-27_to_2019-08-05.csv
     6317      6317    338866 50641121_79208_entries_2018-06-01_to_2018-06-26.csv
   104242    104242   5291958 51888787_21762136_entries__to_2020-09-16.csv
   120898    120898   6151575 52684928_22528907_entries__to_2020-10-05.csv
        1         1         3 53661149_24129384_entries__to_2020-11-17.csv
    14894     14894    785120 54943175_21771252_entries__to_2020-09-16.csv
   127134    127134   6470715 55520424_23632708_entries__to_2020-10-26.csv
        1         1         3 59061279_5323289_entries_2017-10-29_to_2019-07-16.csv
        1         1         3 61182966_21332_entries__to_2017-10-26.csv
        1         1         3 61182966_32397_entries__to_2018-02-22.csv
    19648     19648    987911 62982744_22212316_entries__to_2020-09-29.csv
        1         1         3 63225558_21835452_entries__to_2020-09-19.csv
        1         1         3 64058543_21945795_entries__to_2020-09-23.csv
    22265     22265   1211352 65054673_100411_entries_2018-04-01_to_2018-06-30.csv
     9718      9718    522612 65054673_100415_entries_2018-07-01_to_2018-08-11.csv
    55135     55135   2954166 65054673_13251087_entries__to_2020-01-21.csv
    48554     48554   2653066 65054673_2566262_entries_2018-11-29_to_2019-05-29.csv
      468       468     24600 65054673_40971_entries_2018-04-01_to_2018-04-03.csv
    39032     39032   2129130 65054673_40975_entries__to_2018-03-31.csv
     6763      6763    363421 65054673_41227_entries_2018-04-01_to_2018-04-29.csv
    24609     24609   1338996 65054673_509925_entries_2018-07-01_to_2018-11-28.csv
        1         1         3 69261935_21750760_entries__to_2020-09-15.csv
    68200     68200   3449791 70230560_23628858_entries_2017-01-01_to_2020-10-25.csv
   179523    179523   9459706 70981757_23617364_entries__to_2020-10-25.csv
   189230    189230  10275423 72492017_15416008_entries__to_2020-03-04.csv
    56249     56249   2846852 72492017_21782912_entries_2020-03-01_to_2020-09-17.csv
   119516    119516   6198192 72501221_21766968_entries_2019-06-01_to_2020-09-16.csv
        1         1         3 72575886_21750852_entries__to_2020-09-15.csv
    71199     71199   3657597 74373797_18784408_entries__to_2020-06-23.csv
    19759     19759    993038 74373797_20286228_entries_2020-06-23_to_2020-08-10.csv
    25523     25523   1285990 74373797_22985546_entries_2020-08-10_to_2020-10-12.csv
    11918     11918    594085 74373797_24003753_entries_2020-10-12_to_2020-11-09.csv
        1         1         3 74812299_22939212_entries__to_2020-10-12.csv
   165981    165981   8748630 77667622_21901055_entries__to_2020-09-22.csv
        1         1         3 77667622_29269_entries__to_2018-01-27.csv
    10651     10651    527536 77770642_21882295_entries_2020-08-01_to_2020-09-20.csv
    10278     10278    512090 81133880_10798419_entries_2019-11-05_to_2019-12-13.csv
    40712     40712   2223046 81133880_1247910_entries_2018-10-28_to_2019-03-20.csv
    10767     10767    536943 81133880_13257113_entries_2019-12-13_to_2020-01-20.csv
   121162    121162   6760922 81133880_16289_entries.csv
    31337     31337   1583939 81133880_17569806_entries_2020-01-20_to_2020-05-10.csv
   223093    223093  12635682 81133880_24511_entries__to_2017-12-24.csv
    42356     42356   2315241 81133880_363425_entries_2018-06-08_to_2018-10-27.csv
    26293     26293   1431760 81133880_3788445_entries_2019-03-22_to_2019-06-22.csv
    68549     68549   3871909 81133880_39515_entries_2017-12-24_to_2018-04-23.csv
    15457     15457    850032 81133880_70567_entries_2018-04-24_to_2018-06-07.csv
    19880     19880   1032949 81133880_7943595_entries_2019-06-22_to_2019-09-01.csv
    18124     18124    911332 81133880_9326832_entries_2019-09-01_to_2019-11-05.csv
        1         1         3 82464452_21907694_entries__to_2020-09-22.csv
        4         4       159 82464452_29303_entries_2017-09-01_to_2018-01-29.csv
     5722      5722    283647 82868075_21672193_entries__to_2020-09-11.csv
    32734     32734   1652244 82868075_21672228_entries__to_2020-09-11.csv
        1         1         3 84495051_400595_entries_2018-10-21_to_2018-11-06.csv
        1         1         3 87412879_21962959_entries__to_2020-09-24.csv
        1         1         3 92192400_21829693_entries_2020-09-19_to_2020-01-01.csv
        1         1         3 93698253_14893023_entries_2020-02-23_to_2020-02-24.csv
     5241      5241    280618 93698253_14893517_entries__to_2020-02-24.csv
    46127     46127   2316239 93698253_24004237_entries__to_2020-11-09.csv
    46127     46127   2316239 93698253_24004238_entries__to_2020-11-09.csv
        1         1         3 93698253_24005289_entries__to_2020-11-10.csv
    53639     53639   2703359 93708481_23620196_entries__to_2020-10-25.csv
   474053    474053  25922298 94155197_21760023_entries__to_2020-09-16.csv
    10108     10108    502758 98062634_21769748_entries__to_2020-09-16.csv
        1         1         3 98275826_23485971_entries_2020-06-01_to_2020-10-21.csv
        1         1         3 98668396_26566_entries__to_2018-01-06.csv
        1         1         3 99478201_21797295_entries__to_2020-09-18.csv
    10839     10839    535022 99868978_11182189_entries_2019-11-10_to_2019-12-18.csv
   141611    141611   7797453 99868978_1145364_entries__to_2019-03-08.csv
   145229    145229   7998060 99868978_1241925_entries__to_2019-03-21.csv
     7996      7996    393906 99868978_12867436_entries_2019-12-18_to_2020-01-15.csv
   148333    148333   8170170 99868978_1327556_entries__to_2019-04-01.csv
     6665      6665    355117 99868978_1381827_entries_2019-03-15_to_2019-04-08.csv
    10002     10002    533557 99868978_1465606_entries_2019-03-13_to_2019-04-18.csv
    64026     64026   3214800 99868978_21180339_entries_2020-01-15_to_2020-08-26.csv
    19601     19601   1057331 99868978_2228423_entries_2019-03-01_to_2019-05-13.csv
     3582      3582    190459 99868978_2341068_entries_2019-05-01_to_2019-05-16.csv
    12145     12145    650649 99868978_3495192_entries_2019-05-01_to_2019-06-17.csv
   105080    105080   5769244 99868978_367727_entries__to_2018-10-30.csv
   112938    112938   6205583 99868978_498937_entries__to_2018-11-26.csv
    57558     57558   3170827 99868978_56346_entries__to_2018-05-18.csv
   118023    118023   6487754 99868978_583235_entries__to_2018-12-14.csv
    27467     27467   1463158 99868978_7027216_entries_2019-05-01_to_2019-08-15.csv
     3600      3600    176836 99868978_7625445_entries_2019-08-14_to_2019-08-27.csv
   130740    130740   7193684 99868978_859027_entries__to_2019-01-28.csv
    10008     10008    493205 99868978_8644422_entries_2019-08-26_to_2019-09-30.csv
    12705     12705    628170 99868978_9485422_entries_2019-09-29_to_2019-11-12.csv
  8046729   8063041 428720992 insgesamt
