27718918
37159654
49521261
91391413
10489049
82868075
50869883
72508377
15327577
84495051
04848189
48968878
44564831
39030213
72492017
39910877
83234592
08352625
23693552
08814820
46616418
24362158
16184009
83320236
76596101
86349907
72575886
99478201
69261935
00749582
40974871
48891562
39260075
92076618
94155197
04574576
13914709
44801840
22822293
98062634
51888787
12826270
71669399
22536499
08983459
09761940
65054673
18361363
92192400
72501221
70981757
54943175
21218454
46968717
06959790
70679727
62314598
20104403
59061279
63225558
03468378
01985597
05115045
18927745
21316466
77770642
47625267
93708481
50354967
77667622
22919204
82464452
50641121
09922617
45407256
64058543
38625719
87412879
34716466
06601878
26481229
19067168
26745937
71748184
14844648
02773391
23777770
74373797
53602879
47411539
52143870
52684928
27104927
70230560
11730622
22224188
99868978
21216929
52129303
19099241
65033531
74812299
81133880
62982744
13788197
66162958
01104400
32048572
63637546
88753061
98275826
25127006
98668396
97850376
76836292
10284147
34208593
90860949
66018037
09635199
27236693
13570824
06033890
55520424
96681890
45695501
00752599
13577203
61182966
96180653
60120319
73295423
00977838
85299735
93698253
48546317
09612394
71422734
53661149
75141919
54906194
15089428
02843395
15824838
94826919
59541100
41801540
52898780
46986054
76808275
21042986
57076609
13918187
16634527
94510820
14768251
17687478
06413455
81685570
20307671
93708733